baseline=2277
reduced=664
remaining=1613
burndown_percent=29.161177
project02_percent=28.645147
core_percent=64.322574
portfolio_percent=82.161287
eta_hours=66.5
eta_workdays=8.31
