baseline=2277
reduced=635
remaining=1642
burndown_percent=27.888450
project02_percent=28.486056
core_percent=64.243028
portfolio_percent=82.121514
eta_hours=67.7
eta_workdays=8.46
